0.000148615
-0.000136974
0.000149179
-0.000139057
0.000156183
-0.000120452
0.000178624
-0.000112342
0.000189355
-0.000100685
0.000206341
-8.90E-05
0.000224024
-8.01E-05
0.000225525
-0.00023128
0.000174587
4.90E-05
0.000438271
0.000162197
0.000469466
4.18E-05
0.00025965
-1.71E-05
0.000283625
-2.23E-05
3.78E-05
-0.000700643
-0.000508573
-0.000789998
-0.000314348
-5.33E-05
0.000521842
5.88E-05
-0.00030916
-0.002048399
-0.0026706
-0.001710239
0.001299446
0.003101013
0.00342832
0.001437552
0.001299231
0.000625562
0.001702827
0.003008886
0.003935216
0.00256943
0.0014823
-0.000709563
-0.00298871
-0.003792184
-0.002076785
-0.000387302
0.001457852
0.000225101
-0.003097935
-0.005839692
-0.004918202
-0.002648217
0.003922011
0.00994135
0.013431457
0.013671922
0.010911247
0.003358537
-0.002170094
-0.016829397
-0.024620636
-0.018534496
-0.007189834
-0.002539301
0.000390003
0.004465541
0.005447114
0.001242053
-0.01088383
-0.01810689
-0.013353367
-0.000469292
0.009177356
0.010731019
0.008152605
0.005708549
0.011966204
0.019466868
0.026078647
0.028264502
0.024360789
0.012684115
-0.004652294
-0.029476413
-0.050695798
-0.052221385
-0.02016102
0.017143247
0.03435194
0.010607989
-0.023287902
-0.049529002
-0.040859936
-0.002845948
0.034029745
0.048395897
0.047522446
0.046220886
0.0352616
0.014299041
0.001244082
-0.000934653
0.004628168
0.003971657
-0.007884916
-0.021580499
-0.022022743
-0.013377435
-0.007513752
-0.006286428
-0.011975382
-0.021939484
-0.040289317
-0.055626122
-0.06058394
-0.060545021
-0.044519292
-0.013192425
0.019036241
0.026943385
0.015852375
0.001768926
-0.003332456
0.013383709
0.05458712
0.065019159
0.048304699
0.033000618
0.026881038
0.026515083
0.026902143
0.023238333
0.007977024
-0.009998741
-0.014834091
-0.015724194
-0.018946844
-0.023680577
-0.03032237
-0.035307683
-0.03016224
-0.013044687
-0.000151923
0.000241954
-7.59E-05
0.00491826
0.020822063
0.040387486
0.052731786
0.048628831
0.032051652
0.019767377
0.010945364
-0.0138464
-0.039542692
-0.047489142
-0.0478702
-0.041447788
-0.035546619
-0.0286808
-0.017255377
-0.008003261
-0.007545914
-0.017907764
-0.036761628
-0.039238698
-0.03021026
-0.027182708
-0.018051261
0.004270017
0.021116376
0.037065622
0.056176022
0.061853165
0.056663381
0.047963528
0.040507341
0.036354043
0.038201051
0.037552788
0.035375259
0.013926929
-0.007302622
-0.012574909
-0.020423772
-0.031878549
-0.037109769
-0.038417719
-0.030000755
-0.023191089
-0.017639571
-0.009417009
0.00269461
0.018936581
0.027890415
0.028198088
0.02795528
0.022006479
0.019125019
0.013497561
0.002865911
-0.005941831
-0.012788809
-0.019907369
-0.023441061
-0.025028415
-0.026592727
-0.02819286
-0.036670817
-0.052103854
-0.059635749
-0.055763791
-0.037727826
-0.006561979
0.013804731
0.017334802
0.014053038
0.005425486
0.000380188
-0.006768327
-0.01346052
-0.011597268
-0.002762205
0.034561251
0.065862986
0.064332365
0.055920048
0.043578071
0.03085891
0.020812962
0.011570702
-0.006255622
-0.024901783
-0.034180193
-0.03214924
-0.019558647
-0.003696416
0.002221269
0.00191504
-0.004578774
-0.006293767
-0.000117348
0.014529206
0.020239052
0.024887648
0.025555467
0.033611123
0.027383693
0.005329892
-0.004382708
-0.008215824
-0.038524989
-0.077503839
-0.109188955
-0.141749846
-0.148378858
-0.12580757
-0.069397065
-0.003854609
0.054137324
0.087093795
0.074460797
0.062617604
0.045686088
0.026135574
0.019594274
0.031546286
0.037809731
0.03770614
0.029233605
0.033461063
0.04549401
0.058250929
0.055910366
0.050499267
0.032629822
0.018226958
0.014952416
0.021346985
0.020894092
-0.000294739
-0.022738582
-0.01761349
-0.015738348
-0.012973975
-0.038329038
-0.076803296
-0.104751606
-0.096749391
-0.086944508
-0.083192986
-0.079491613
-0.074365339
-0.048533373
0.026259495
0.098272847
0.16610986
0.236033203
0.294433031
0.287464397
0.267751236
0.224640193
0.142644983
0.062093069
-0.010970478
-0.054033734
-0.049268961
-0.00989306
0.052407848
0.106859042
0.146245476
0.131864415
0.095654043
0.052139094
0.021003491
-0.013353871
-0.039185837
-0.05882755
-0.068769714
-0.070082117
-0.046827132
-0.035974921
-0.04706084
-0.083291736
-0.170742772
-0.276888492
-0.379706345
-0.427491543
-0.381371537
-0.354900795
-0.3019961
-0.165162443
-0.003044474
0.118306848
0.222183067
0.27200522
0.21255787
0.138947676
0.179014129
0.163182414
0.043499459
-0.151187805
-0.306209423
-0.490395135
-0.455311865
-0.38394484
-0.203275394
0.097921415
0.223282868
0.295619964
0.66776905
0.718704558
0.55812391
0.476605022
0.48911526
0.57153064
0.527147468
0.348791865
0.164639457
0.000510153
-0.086108234
-0.132836616
-0.230193414
-0.26701739
-0.240267825
-0.334225308
-0.496804187
-0.621701323
-0.738212475
-0.863310982
-0.929130596
-0.893683308
-0.847414209
-0.789240924
-0.550977138
-0.249751673
-0.009068674
0.061869236
0.047156879
0.049919161
0.042625233
0.036733939
0.030719886
0.042707718
0.068957919
0.122446593
0.151332638
0.140375869
0.087047712
0.063195
0.068264541
0.124832464
0.232892574
0.336554641
0.432152144
0.529172806
0.610004318
0.640483138
0.62139152
0.587965697
0.567466411
0.512400839
0.402143838
0.280925614
0.234215046
0.239762458
0.291882964
0.351988646
0.360967128
0.355642386
0.351196711
0.259764124
0.123592864
-8.18E-05
-0.072791539
-0.099361999
-0.142363449
-0.268049421
-0.413503932
-0.540062387
-0.665462952
-0.79064472
-0.856634725
-0.827472568
-0.782223883
-0.727967672
-0.684709472
-0.649426767
-0.61329404
-0.582906225
-0.559866552
-0.54506958
-0.52767607
-0.499193544
-0.414334591
-0.29130402
-0.184041072
-0.107566554
-0.027580805
0.093602952
0.273742054
0.444160889
0.597993637
0.761223103
0.871784098
0.944380655
1
0.95666435
0.90144194
0.874961517
0.839845331
0.786295858
0.750912467
0.790617612
0.756887795
0.613811024
0.482318954
0.370665902
0.274570777
0.185768225
0.158223821
0.165712344
0.156925552
0.139377915
0.12228201
0.112483324
0.097029569
0.030622685
-0.049535973
-0.119105172
-0.186723774
-0.251291008
-0.292101763
-0.287818734
-0.280340861
-0.279680593
-0.299169147
-0.393910819
-0.501621626
-0.595844378
-0.689674068
-0.781433885
-0.86432946
-0.885864651
-0.849613811
-0.828332272
-0.786686985
-0.756213973
-0.574601564
-0.290233262
-0.035791169
0.054178567
0.090713651
0.15900104
0.175169278
0.169931669
0.158695884
0.141795735
0.146158344
0.208092833
0.35374097
0.511409469
0.627452043
0.720532397
0.805180296
0.82074984
0.784593877
0.751537882
0.695562264
0.6262806
0.536888841
0.451199229
0.389041101
0.327490962
0.244831612
0.110158639
-0.064068838
-0.152753279
-0.160529918
-0.180874497
-0.215971514
-0.244605069
-0.274758596
-0.340665341
-0.45353437
-0.547741632
-0.644022639
-0.678825149
-0.660300858
-0.651539238
-0.569406553
-0.366030473
-0.341565706
-0.362293473
-0.395934221
-0.460411999
-0.483726622
-0.500814201
-0.53310537
-0.560842432
-0.563073015
-0.557151902
-0.539074889
-0.507802198
-0.470490283
-0.427096544
-0.378321913
-0.303181097
-0.136970745
-0.007681685
0.023227103
0.101667515
0.226438987
0.334240798
0.434957799
0.534573062
0.634478766
0.683855578
0.650497524
0.598322803
0.574469898
0.583382547
0.579922433
0.575364454
0.555389897
0.509602929
0.448643353
0.376095203
0.312645583
0.236726388
0.161489533
0.111569985
0.099634626
0.097090561
0.094069206
0.122105422
0.144088472
0.138570297
0.113233822
0.071883235
0.026104013
-0.015735366
-0.07615542
-0.178787973
-0.206206906
-0.208596263
-0.288999859
-0.378771127
-0.381092714
-0.365283073
-0.351917004
-0.325932265
-0.304670089
-0.288378316
-0.296872731
-0.323755898
-0.353713862
-0.359391004
-0.356571796
-0.339437746
-0.281551029
-0.221212995
-0.166228941
-0.114991761
-0.09695541
-0.094307755
-0.078905698
-0.060169578
0.01442091
0.13039498
0.23313848
0.333408202
0.416611644
0.448045045
0.451181802
0.448025683
0.420433841
0.306224913
0.152913408
0.083530478
0.077618272
0.073230685
0.071170494
0.077984614
0.076841634
0.065896483
0.055133148
0.050825335
0.055866219
0.074745235
0.118277611
0.099987221
0.013287902
-0.060441818
-0.132225723
-0.178481074
-0.204210612
-0.22818163
-0.216633718
-0.201838682
-0.213506642
-0.213150369
-0.217617343
-0.213979092
-0.151896286
-0.075538331
-0.015391562
0.049392302
0.082088344
0.092543813
0.127013285
0.170782272
0.204545587
0.24237255
0.254272863
0.250162163
0.2520113
0.268066848
0.295391485
0.328964464
0.340030245
0.334480896
0.325819962
0.313464625
0.295283054
0.2608039
0.210191749
0.168122806
0.158397117
0.171854578
0.181226704
0.177914134
0.160329902
0.134680332
0.100328004
0.052039376
-0.001088832
-0.133006233
-0.288825594
-0.336951576
-0.349816151
-0.369295024
-0.344295847
-0.285460358
-0.252276569
-0.24206081
-0.262718871
-0.304654599
-0.348904168
-0.390381
-0.430473399
-0.465275909
-0.460731484
-0.325622462
-0.136223151
-0.006717229
0.015804433
-0.065892223
-0.262391642
-0.431209181
-0.429892518
-0.399078723
-0.387964535
-0.35708878
-0.317180327
-0.268436675
-0.140734659
0.004572307
0.133134995
0.21548551
0.23453453
0.242438383
0.23866653
0.198090064
0.098571227
0.002186494
-0.024026589
-0.020919457
0.012585404
0.147115636
0.291249804
0.417519755
0.541646255
0.593255586
0.584534627
0.539357584
0.459620065
0.390220289
0.318034222
0.267968098
0.299436352
0.270934463
0.12456158
0.002299436
-0.12242936
-0.200533636
-0.216488498
-0.208439425
-0.195038503
-0.015969248
0.027230341
-0.019970298
-0.069777155
-0.113868531
-0.145346079
-0.178577307
-0.213721568
-0.250291893
-0.261518384
-0.252578627
-0.242146006
-0.224860927
-0.217704475
-0.217870994
-0.285785651
-0.316461971
-0.305111558
-0.2960169
-0.280923678
-0.250690764
-0.205366565
-0.15226379
-0.101647572
-0.062051052
0.016247432
0.138819882
0.191790023
0.207546804
0.215104065
0.215595877
0.197811241
0.18217141
0.0215501
-0.094858236
-0.081810296
0.056183961
0.156920131
0.160945635
0.192001464
0.226487394
0.263911613
0.296721702
0.329489193
0.345566039
0.346077215
0.329922917
0.317772825
0.235572371
0.098037784
-0.024539894
-0.142538101
-0.209272021
-0.217677367
-0.213034193
-0.212590787
-0.147408787
0.007591707
0.151979933
0.199625525
0.182919972
0.170763684
0.134041943
0.076781997
-0.007689875
-0.031500396
0.016732526
0.210749394
0.321143871
0.266730822
0.197737663
0.152151873
0.138315871
0.120709565
0.159128253
0.268411504
0.364421433
0.421516215
0.474709414
0.519510821
0.528241461
0.547000041
0.570132654
0.586846533
0.597921995
0.584170609
0.559349568
0.529463247
0.485626102
0.432961505
0.353208496
0.270163828
0.212772796
0.18143524
0.102071421
0.016544553
-0.025349642
-0.09959745
-0.21114633
-0.315089156
-0.410510459
-0.506309335
-0.595323522
-0.660606788
-0.703028519
-0.728519509
-0.729586393
-0.72723189
-0.714198859
-0.69382543
-0.665244154
-0.628989442
-0.587076949
-0.545391001
-0.504529903
-0.468189995
-0.444280937
-0.430059037
-0.419051344
-0.413004374
-0.402141901
-0.386765984
-0.368154561
-0.351771784
-0.336428783
-0.332134137
-0.332951243
-0.336684371
-0.341604432
-0.347912798
-0.348646644
-0.354238591
-0.366330595
-0.387819315
-0.412202758
-0.438927152
-0.458100094
-0.479203496
-0.496763525
-0.515357523
-0.519911629
-0.50820107
-0.485953332
-0.457135831
-0.412349915
-0.348793801
-0.262906689
-0.181170165
-0.112605115
-0.061849873
-0.021133415
0.015683803
0.048085707
0.079743134
0.115855918
0.153916396
0.195596148
0.243416199
0.289892479
0.335083076
0.390859258
0.437242597
0.469216217
0.504254952
0.540414788
0.569373636
0.597273345
0.631326519
0.655167807
0.683104305
0.746794022
0.797967691
0.842802014
0.79090418
0.703233764
0.617532534
0.625674548
0.604027054
0.447483527
0.322958155
0.19875614
0.237516386
0.312357079
0.266165431
0.233126862
0.247513346
0.323358963
0.449818668
0.526725361
0.500930378
0.463111159
0.415256256
0.250659784
0.050549223
-0.003799639
0.006338843
-0.000315389
0.003218254
0.011606136
-0.012446128
-0.055456505
-0.095299318
-0.121082297
-0.118418765
-0.10836604
-0.092486306
-0.078648755
-0.072980132
-0.069026657
-0.0722337
-0.079728225
-0.081723357
-0.086811099
-0.093501298
-0.09774444
-0.11150938
-0.124643097
-0.138214798
-0.153676298
-0.178449706
-0.200427141
-0.221304
-0.239570768
-0.25484019
-0.265292173
-0.260712896
-0.249335375
-0.22736646
-0.201770912
-0.171938225
-0.139450913
-0.104297163
-0.063419994
-0.036429364
-0.011707751
0.020405765
0.050306608
0.073972857
0.098068958
0.125686553
0.147565819
0.167354494
0.181081678
0.197853839
0.216534968
0.220634051
0.226433178
0.231107333
0.22177645
0.212501718
0.207835309
0.200698219
0.186405838
0.17141795
0.150912273
0.100259654
0.069467158
0.090220677
0.0956128
0.107821368
0.141378469
0.128562881
-0.033910858
-0.226622933
-0.292492889
-0.302389163
-0.305314866
-0.300220541
-0.290622453
-0.281210246
-0.259357507
-0.232526619
-0.214453478
-0.199102733
-0.182420995
-0.160321769
-0.126807266
-0.103349166
-0.083123861
-0.061081949
-0.042103602
-0.032722763
-0.032358551
-0.033348953
-0.039289815
-0.066266504
-0.115296724
-0.163085407
-0.20355228
-0.209254594
-0.204142842
-0.20397826
-0.201836745
-0.199062071
-0.201414639
-0.207858544
-0.21033116
-0.207122761
-0.195104336
-0.181366309
-0.164594148
-0.14588746
-0.12193019
-0.101639439
-0.08654796
-0.068837483
-0.054601835
-0.043274658
-0.030383362
-0.018760884
-0.007297684
-7.73E-05
0.007511235
0.018678399
0.031129213
0.04492223
0.063996228
0.075859171
0.081370569
0.105451761
0.151342513
0.162770376
0.145908565
0.118773877
0.067494874
0.041307989
0.041706667
0.058854464
0.108792407
0.149024991
0.16612535
0.171345146
0.144854848
0.101187321
0.070486023
0.065937532
0.069221252
0.077794473
0.089186128
0.094113934
0.090175174
0.086021101
0.076834664
0.056015118
0.016448649
-0.028016079
-0.074515787
-0.124239191
-0.173792784
-0.215923107
-0.243954482
-0.260581229
-0.27345355
-0.278993217
-0.278139322
-0.278700841
-0.270938336
-0.256005824
-0.236459182
-0.219208956
-0.201703143
-0.178676444
-0.156235079
-0.130204063
-0.096117586
-0.049721468
-0.001117834
0.046302596
0.089408605
0.119278275
0.139197261
0.157941707
0.177586905
0.192353671
0.202045862
0.214174655
0.225968474
0.240713167
0.254356123
0.268632239
0.284833006
0.289590421
0.288943707
0.286860281
0.279521819
0.272034264
0.269449344
0.270893801
0.275509868
0.277680426
0.280284709
0.271970367
0.250379025
0.222343777
0.195313453
0.170702885
0.150081033
0.122450853
0.091875219
0.058997748
0.026841925
-0.003026293
-0.037540589
-0.069259783
-0.089867114
-0.109686189
-0.136144345
-0.160545796
-0.184359976
-0.215696563
-0.244930362
-0.277362878
-0.310525368
-0.333032566
-0.35224617
-0.367887356
-0.363871532
-0.360974873
-0.353946214
-0.340516248
-0.322239799
-0.304073718
-0.285669475
-0.269737848
-0.258716602
-0.243278724
-0.222632281
-0.193434691
-0.1579723
-0.122312409
-0.08893054
-0.062626705
-0.040730593
-0.030264088
-0.027015608
-0.029375921
-0.0359209
-0.041166254
-0.046952989
-0.049805695
-0.052376674
-0.051165731
-0.047919575
-0.045310452
-0.044550466
-0.047292611
-0.048538407
-0.047523221
-0.045880877
-0.039882314
-0.025333184
-0.004826442
0.015034553
0.040848318
0.077298594
0.109063678
0.135986926
0.158790567
0.168692456
0.18057573
0.198421166
0.213553113
0.223228652
0.236985848
0.260095226
0.281853087
0.304987637
0.32737285
0.340791198
0.34097708
0.331899848
0.320398407
0.309109955
0.295141706
0.280873335
0.260831008
0.243048308
0.231988336
0.224655683
0.22457436
0.232485957
0.243400709
0.255878031
0.255151929
0.244895509
0.232563408
0.218992094
0.193826398
0.161125708
0.125217976
0.083636392
0.041560866
0.005924404
-0.021773546
-0.045344917
-0.069615476
-0.090744825
-0.101425675
-0.102093882
-0.100334587
-0.099778491
-0.102050703
-0.105665525
-0.108162538
-0.113431709
-0.115155763
-0.11564835
-0.117235704
-0.114639941
-0.111463491
-0.108804799
-0.105647518
-0.099543621
-0.097639687
-0.098512751
-0.095664886
-0.096082927
-0.095084005
-0.092275059
-0.087500024
-0.082420414
-0.07767365
-0.076767669
-0.075374523
-0.066772258
-0.052765477
-0.038717841
-0.028030407
-0.013274948
0.001312777
0.011219579
0.017729627
0.018818856
0.013305967
0.003707027
-0.003092397
-0.006922086
0.000202123
0.015886492
0.042508476
0.076195308
0.101496349
0.119652169
0.128738888
0.117474833
0.094004147
0.069590305
0.03886674
0.014371942
0.006035391
0.005588248
0.006593482
0.006991327
-6.77E-05
-0.00678405
-0.012955406
-0.010825587
-0.002472926
0.009688628
0.020466176
0.031734685
0.026874261
0.012382541
-0.00158776
-0.019990048
-0.042171565
-0.05975754
-0.073984475
-0.085322883
-0.090106824
-0.093391318
-0.099459974
-0.105403548
-0.110407836
-0.116666828
-0.125140718
-0.131407068
-0.138377058
-0.144184898
-0.14923953
-0.147497275
-0.145369702
-0.140188244
-0.133191534
-0.12382967
-0.107024205
-0.083083974
-0.060047787
-0.037920098
-0.016227779
0.002045688
0.006104748
0.009638305
0.014200776
0.012813187
0.007033693
0.003093655
0.000410249
2.05E-05
0.004781637
0.010297953
0.017289745
0.022035716
0.020711889
0.011202753
-0.001487471
-0.016584188
-0.037659282
-0.055394544
-0.06847966
-0.08175395
-0.088881553
-0.092829994
-0.095208314
-0.094558308
-0.092620876
-0.088428078
-0.085035347
-0.083390873
-0.084992942
-0.082790436
-0.079013354
-0.073839448
-0.068236271
-0.059588698
-0.05224191
-0.048237317
-0.039497383
-0.038132313
-0.044705948
-0.04422343
-0.047042639
-0.050519598
-0.048036913
-0.044426157
-0.039017963
-0.031366793
-0.025906707
-0.016694149
-0.004855912
0.009239859
0.020483409
0.028940454
0.039089411
0.043754078
0.044630434
0.048026844
0.049108832
0.047950555
0.041943473
0.039217205
0.033772027
0.029046561
0.023149265
0.020166442
0.016550942
0.014076835
0.012169048
0.007833605
0.007808762
0.007743839
0.005959567
0.009548656
0.016099985
0.023032508
0.031467286
0.037375232
0.04222094
0.049904251
0.055512656
0.05409705
0.048246417
0.042742765
0.03751929
0.035937551
0.039131622
0.042159947
0.051588806
0.061345281
0.06927082
0.07488213
0.079923788
0.078907247
0.078296354
0.07924319
0.080139876
0.085462875
0.095251299
0.103206656
0.108769946
0.115489382
0.116817276
0.111911931
0.102947583
0.092029733
0.073964725
0.046176739
0.021505179
0.004590547
-0.010773172
-0.010485423
-0.004300358
0.008147687
0.023083819
0.035787684
0.044278614
0.044795017
0.034444881
0.028441671
0.016871918
0.011005311
0.010594222
0.009565617
0.0024871
-0.001435105
-0.006815301
-0.017053869
-0.024657232
-0.025509578
-0.027396085
-0.024705251
-0.023181794
-0.018592545
-0.013123009
-0.013289935
-0.013258335
-0.01346176
-0.021423662
-0.036100973
-0.050719615
-0.066329046
-0.081896847
-0.096178578
-0.109357604
-0.112151447
-0.112350689
-0.106662704
-0.093020329
-0.081580654
-0.068164436
-0.057057025
-0.046279167
-0.036743814
-0.03094488
-0.028301291
-0.026808815
-0.02133498
-0.013025905
0.000597113
0.014234738
0.026943773
0.039944855
0.054444029
0.065975289
0.07667163
0.085259179
0.090742889
0.093224799
0.094836356
0.093911981
0.094088956
0.098265296
0.100321808
0.101823966
0.107604312
0.108483765
0.114875004
0.123832187
0.133008556
0.139628662
0.139100448
0.135087529
0.122835977
0.100425011
0.076843183
0.056512546
0.037250729
0.021753215
0.012816459
0.004481012
-0.007893358
-0.016439258
-0.029926209
-0.045761409
-0.058571188
-0.067507266
-0.079262552
-0.081413942
-0.076031499
-0.064425499
-0.054795849
-0.049284064
-0.046603105
-0.045283538
-0.045741659
-0.047211481
-0.051344642
-0.054862651
-0.059530029
-0.064805395
-0.067126014
-0.070891091
-0.073227974
-0.076396292
-0.078196249
-0.08329677
-0.085422601
-0.087834031
-0.088273564
-0.087932393
-0.086224991
-0.086203304
-0.077507711
-0.066297097
-0.050016168
-0.030181796
-0.009832067
0.011489882
0.034847625
0.057975591
0.072885448
0.089685492
0.104247788
0.112923438
0.118008856
0.114528605
0.104943296
0.090753925
0.080189251
0.073998416
0.063012797
0.055089775
0.050628416
0.045007426
0.040198506
0.034785277
0.030205419
0.025532813
0.018619672
0.004433418
-0.015064991
-0.043154803
-0.064055478
-0.084507132
-0.101790856
-0.109278023
-0.107522214
-0.103512006
-0.095176365
-0.080955433
-0.062379637
-0.048289209
-0.034114554
-0.023173081
-0.012390518
-0.010682845
-0.01446496
-0.013630351
-0.012656291
-0.008256079
0.001622334
0.011537785
0.022859793
0.032202681
0.040756539
0.046528946
0.040208769
0.031434369
0.017807368
0.001608362
-0.017148746
-0.029188296
-0.032378301
-0.029730065
-0.024047694
-0.021472649
-0.021214157
-0.022710313
-0.029733163
-0.034296369
-0.037683873
-0.03828218
-0.036688437
-0.03674788
-0.038230676
-0.036907429
-0.032091733
-0.021864163
-0.008209009
0.004991219
0.015546251
0.020774818
0.021573142
0.019852766
0.012165137
0.002729482
-0.009873194
-0.02026616
-0.032409862
-0.03987147
-0.047099952
-0.052685896
-0.050389868
-0.048077381
-0.042314462
-0.036291502
-0.030767324
-0.022089932
-0.015191081
-0.01269186
-0.007739521
-0.002688588
0.001560672
0.010974099
0.024325936
0.036262651
0.048139535
0.056322792
0.061426798
0.067139181
0.067326031
0.060468732
0.04993194
0.041875897
0.033532124
0.024445791
0.021380289
0.021039312
0.019690507
0.017403908
0.009427716
0.00117104
-0.006421503
-0.013166653
-0.016151141
-0.01643618
-0.010867739
-0.00617854
-0.006585292
-0.008552077
-0.017262657
-0.022774791
-0.026228708
-0.029907621
-0.027832908
-0.027387566
-0.021690286
-0.015663782
-0.009242435
-0.006112648
-0.005674548
-0.007047382
-0.011085473
-0.018884399
-0.025338024
-0.031572425
-0.037833159
-0.041877058
-0.042678674
-0.042031766
-0.036270977
-0.028822729
-0.022192167
-0.013678893
0.000556734
0.01344352
0.021816337
0.029063601
0.038029691
0.050357919
0.062271206
0.076108369
0.084325897
0.088074128
0.092923709
0.091821003
0.08693444
0.076266369
0.067348685
0.057433823
0.04713558
0.04013945
0.033340046
0.02524702
0.0154202
0.008981793
0.000938055
-0.00385459
-0.010705286
-0.017508079
-0.021776256
-0.025391659
-0.028110762
-0.030306879
-0.029730646
-0.028668214
-0.030127968
-0.034220468
-0.03442668
-0.031761018
-0.027551568
-0.026288539
-0.025452845
-0.024779991
-0.027563379
-0.033579175
-0.03971715
-0.04351979
-0.043558902
-0.044424996
-0.040034311
-0.032484989
-0.025905739
-0.019543157
-0.01023394
-0.00029445
0.00388497
0.013994408
0.03213375
0.048533566
0.058169218
0.074141506
0.095216252
0.109198055
0.122528691
0.130279578
0.137124485
0.140028308
0.136854569
0.124837499
0.111219714
0.098526499
0.089937207
0.081879808
0.071747309
0.060994817
0.046828874
0.033561942
0.011704382
-0.013585216
-0.032298914
-0.049466848
-0.064925057
-0.077302854
-0.085368772
-0.092069427
-0.093496264
-0.089705435
-0.084976678
-0.07575074
-0.065598104
-0.051766943
-0.037184896
-0.021619225
-0.009134526
-0.003923289
0.001683474
0.009437417
0.012423938
0.010345353
0.008940725
0.001459301
-0.001350035
-0.003077914
-0.006518123
-0.010048232
-0.012084007
-0.012899177
-0.018699853
-0.027467146
-0.032127941
-0.039204813
-0.042734826
-0.049608583
-0.055993045
-0.058879442
-0.061971084
-0.062985883
-0.063996422
-0.067610663
-0.068775329
-0.070408766
-0.070861466
-0.067480158
-0.065351617
-0.06167406
-0.055270816
-0.047179533
-0.040946294
-0.037126421
-0.035424246
-0.029927371
-0.030175794
-0.031549771
-0.030375423
-0.032107223
-0.039904387
-0.046073342
-0.056826222
-0.06192713
-0.069100041
-0.071449898
-0.070424643
-0.067773309
-0.06259282
-0.054029474
-0.048737455
-0.039540562
-0.028921285
-0.019054965
-0.009607634
0.001774864
0.010401815
0.017907319
0.023650953
0.03560277
0.046441427
0.054961788
0.061387298
0.070908323
0.078116862
0.084522622
0.090848996
0.092508766
0.095136478
0.098273428
0.107501883
0.115975193
0.126709097
0.13204623
0.131669626
0.131084292
0.125991128
0.114286572
0.101686491
0.0949049
0.08840523
0.083354665
0.082967217
0.079604304
0.075354967
0.068335602
0.053279944
0.038101914
0.025220299
0.007891693
-0.006172982
-0.016486503
-0.020751389
-0.028002331
-0.032731476
-0.03401561
-0.038679116
-0.043530633
-0.047867683
-0.056018216
-0.06203014
-0.064438279
-0.078982374
-0.09039223
-0.09180319
-0.094898123
-0.100188593
-0.102007137
-0.099543234
-0.093015682
-0.086964646
-0.081034626
-0.077086573
-0.074271043
-0.070632792
-0.067203465
-0.059863067
-0.053523333
-0.050648166
-0.048337228
-0.042572179
-0.038731588
-0.036203789
-0.029653388
-0.022113361
-0.018248141
-0.016905376
-0.015645814
-0.013889598
-0.014139764
-0.01556054
-0.014081405
-0.012306542
-0.007896688
-0.005609528
-0.001594545
0.005338508
0.006043582
0.009821205
0.016216026
0.02170171
0.028194216
0.0384578
0.042607419
0.048010386
0.056716242
0.06295529
0.06683054
0.067722192
0.068041289
0.065313085
0.060627894
0.056175442
0.052342209
0.047784423
0.043986043
0.035948975
0.028431602
0.02128425
0.012907057
0.007660231
0.003235313
0.00202832
0.002570669
0.002718968
0.003034986
0.003417671
0.003532995
0.004770697
0.007943198
0.012434937
0.022296145
0.032049522
0.037245308
0.041625731
0.048860215
0.052897143
0.055679563
0.055620894
0.053456144
0.051547563
0.049861847
0.047725755
0.045596052
0.04043841
0.033346048
0.028112311
0.025088245
0.018879229
0.015328478
0.015616169
0.018198107
0.017736578
0.018387571
0.022595298
0.026182431
0.027701822
0.032136461
0.034845495
0.042193445
0.045910695
0.045384224
0.044387432
0.037192641
0.03183963
0.027402088
0.023478431
0.017298517
0.008549134
0.006015467
0.003878542
-0.002698947
-0.005509791
-0.009582482
-0.015448934
-0.020948888
-0.023570985
-0.023321399
-0.023205998
-0.023241432
-0.023144812
-0.022651063
-0.022421228
-0.01656376
-0.013100181
-0.014308587
-0.014108725
-0.01407728
-0.014129598
-0.01466914
-0.01462023
-0.01469375
-0.016436431
-0.02176309
-0.026660303
-0.030837417
-0.032103157
-0.035890694
-0.03838732
-0.037493731
-0.03675214
-0.039549275
-0.043178232
-0.042215906
-0.040868649
-0.037568471
-0.03390137
-0.02972019
-0.024449083
-0.021927092
-0.018600697
-0.017992902
-0.017744924
-0.020915004
-0.024664202
-0.024602823
-0.025325632
-0.03022149
-0.034591457
-0.040603574
-0.04379474
-0.047376645
-0.048649742
-0.048857504
-0.047113506
-0.04446527
-0.03955276
-0.038547643
-0.040150681
-0.038249264
-0.038977882
-0.03908399
-0.036816811
-0.033699611
-0.025326407
-0.016045847
-0.004350604
0.007742987
0.014573508
0.020833487
0.021577208
0.020572477
0.023245885
0.024496521
0.023377358
0.022958543
0.022327125
0.021679443
0.021040861
0.020181932
0.016479165
0.016492893
0.019097853
0.018793239
0.017830216
0.018258325
0.021456191
0.026669016
0.028144453
0.032208103
0.035878882
0.041227827
0.04821292
0.050258589
0.056567923
0.065675555
0.067528178
0.069640648
0.070330347
0.066704101
0.064032436
0.05925411
0.053805641
0.050981979
0.048783732
0.046010994
0.042505184
0.033108855
0.025453426
0.018285743
0.007409833
0.002302902
-0.005566949
-0.012133479
-0.019720519
-0.024380152
-0.030698006
-0.039197649
-0.042650405
-0.047044188
-0.046430197
-0.044582414
-0.039848816
-0.029304473
-0.020097123
-0.012971457
-0.005298195
-0.000181007
0.004088995
0.00824483
0.012602424
0.016763487
0.02044023
0.023848452
0.02423377
0.026093557
0.02888527
0.02895788
0.031672918
0.032109934
0.033108855
0.035622133
0.034171093
0.031301735
0.029053145
0.023764031
0.014066031
0.008017802
-0.001332672
-0.015748281
-0.028158201
-0.038318582
-0.047300162
-0.054144101
-0.060983005
-0.065365171
-0.068365808
-0.072045882
-0.074925889
-0.078253369
-0.08092271
-0.083340336
-0.084575289
-0.085625522
-0.08527041
-0.085574598
-0.088206763
-0.086265459
-0.081877484
-0.079206207
-0.069521761
-0.064718457
-0.05950873
-0.051506321
-0.048939215
-0.047148553
-0.042207773
-0.042029637
-0.041432297
-0.038949612
-0.037385687
-0.03533847
-0.033710067
-0.031425075
-0.030272801
-0.024143927
-0.017799158
-0.016841596
-0.015800212
-0.014122318
-0.011553876
-0.005454317
-0.001881204
-0.001203426
-0.000693672
0.000532813
-0.000855665
-0.002472616
-0.006912463
-0.009881694
-0.011468525
-0.01155525
-0.008381395
-0.002290994
0.004130295
0.011911021
0.015995252
0.019695928
0.024484129
0.024068606
0.023780102
0.016986506
0.011081387
0.005611019
0.000131163
-0.002243943
-0.003379294
-0.005908469
-0.008957997
-0.009562655
-0.012764315
-0.0148247
-0.012641769
-0.011135913
-0.009609319
-0.00831469
-0.006654804
-0.005427983
-0.003669173
-0.00326033
-0.003610175
-0.00092599
0.003938314
0.007030014
0.013864833
0.01863615
0.026894785
0.036482999
0.041599204
0.04597982
0.050806166
0.054772033
0.059490916
0.068314884
0.073319366
0.076141479
0.081234837
0.08026767
0.077677909
0.075533491
0.073753672
0.071181725
0.072167673
0.075199291
0.078153457
0.080065136
0.084848109
0.086757078
0.090173819
0.096116811
0.095166684
0.093849827
0.090836604
0.089267064
0.085108925
0.079350265
0.076845894
0.070966992
0.065279007
0.056054231
0.04349365
0.034850917
0.027071954
0.016621403
0.010154824
0.001575926
-0.003758396
-0.011537747
-0.017793505
-0.024826462
-0.031990853
-0.036301183
-0.040614417
-0.045066095
-0.04677311
-0.045519375
-0.043975007
-0.043580782
-0.040631069
-0.038475807
-0.039570768
-0.04154828
-0.041648385
-0.040308486
-0.037497991
-0.031753466
-0.025276838
-0.019417686
-0.010743779
-0.00401226
-0.001010988
-0.000906428
-0.00126755
-0.001353493
-0.001579601
-0.000510635
0.004212316
0.008918903
0.013095146
0.01697911
0.017458007
0.015818936
0.018933696
0.022939761
0.021645364
0.02408216
0.027516134
0.025891217
0.023913898
0.022439041
0.018028413
0.010824096
0.006548561
0.001375904
-0.006719088
-0.012033122
-0.013614086
-0.017999582
-0.023742538
-0.026181657
-0.025424188
-0.028571014
-0.0327429
-0.034060532
-0.035440317
-0.035176017
-0.033852964
-0.032135686
-0.025037515
-0.022841398
-0.021130123
-0.017818599
-0.02051923
-0.025290005
-0.025362809
-0.02403627
-0.023738278
-0.023075687
-0.022529465
-0.021734627
-0.021320846
-0.018727948
-0.015424827
-0.011943356
-0.003642065
0.002793747
0.006956823
0.011930771
0.014175352
0.013365779
0.016046951
0.019846376
0.020676068
0.024101329
0.025649957
0.024037238
0.022032425
0.018014743
0.01443065
0.010849596
0.009930314
0.009537135
0.012778043
0.013139255
0.006340489
0.004697042
0.004893128
0.000229901
-0.005178727
-0.012637896
-0.018558602
-0.020761264
-0.022734323
-0.024891908
-0.022195071
-0.014036948
-0.008467597
-0.005944851
-0.004158333
-0.005220435
-0.008608635
-0.011067136
-0.013564866
-0.016077854
-0.021032342
-0.022054498
-0.021045121
-0.02076107
-0.020451267
-0.019984432
-0.019610345
-0.019062497
-0.018692321
-0.018096589
-0.017984227
-0.017798694
-0.020965347
-0.024566421
-0.02453273
-0.023224199
-0.028092368
-0.03171416
-0.029521916
-0.030529357
-0.035623295
-0.03760526
-0.037897444
-0.039667968
-0.043491714
-0.046879798
-0.050051795
-0.050990305
-0.051375235
-0.05412803
-0.05290179
-0.050187528
-0.047938163
-0.045765088
-0.043331391
-0.041155798
-0.03915447
-0.037132423
-0.034865826
-0.032878826
-0.030801209
-0.02841495
-0.022418711
-0.015273488
-0.008811208
-0.002695616
0.002965474
0.005012634
0.005363854
0.006358729
0.007077433
0.010178466
0.015859229
0.022085866
0.031398742
0.039911358
0.044033288
0.050841793
0.056542365
0.05539435
0.056674999
0.061259505
0.059575918
0.05716352
0.056096054
0.05250776
0.044722407
0.042172727
0.041753524
0.040162685
0.038219639
0.032878245
0.027626308
0.027021223
0.020939207
0.016370405
0.016031209
0.012232964
0.01102692
0.013607658
0.016124924
0.017834011
0.0201738
0.02023789
0.018091012
0.011717413
0.00746885
0.003769704
-0.001443628
-0.005389026
-0.002550803
0.003012061
0.007333989
0.009599521
0.017097009
0.020901256
0.021935805
0.026269564
0.027174382
0.025705528
0.02488455
0.024140829
0.023098535
0.022040363
0.021249591
0.020337414
0.01958498
0.018549153
0.020197422
0.024196012
0.024492843
0.022901616
0.022030101
0.020968445
0.01993041
0.018754127
0.017705114
0.017906931
0.021676732
0.023417051
0.022002606
0.024349171
0.02778392
0.026621384
0.024692666
0.023640303
0.022545149
0.024725582
0.027400926
0.026049022
0.02419911
0.022879349
0.021400233
0.019734266
0.017042193
0.010799699
0.006615904
0.002952385
-0.00311236
-0.004785335
-0.004951855
-0.007625824
-0.015918227
-0.020713825
-0.022834234
-0.02378533
-0.023368838
-0.023441255
-0.023181988
-0.023211226
-0.02276782
-0.022739744
-0.022345326
-0.022312797
-0.023253049
-0.029312992
-0.03087653
-0.029027973
-0.033906792
-0.037808182
-0.036023522
-0.03504648
-0.034446237
-0.033862064
-0.032967507
-0.032191257
-0.031218475
-0.030496247
-0.029596268
-0.029055662
-0.027593391
-0.023201544
-0.017882224
-0.017981207
-0.013056305
-0.007724244
-0.004632409
-0.000494806
0.001525225
0.005475286
0.007934078
0.006817237
0.006544882
0.005743169
0.005407478
0.004412391
0.009872013
0.012728688
0.011380735
0.007351822
0.001026668
0.000357244
0.000515787
-0.000394467
-0.000865358
-0.001260566
-0.001438637
-0.001926308
-0.002136035
-0.002809605
-0.004075848
-0.009163725
-0.012129567
-0.014774066
-0.017475085
-0.018856013
-0.019561164
-0.019247837
-0.018760807
-0.018621841
-0.018997554
-0.022934726
-0.025947949
-0.024980202
-0.027248735
-0.031736234
-0.03139758
-0.029800738
-0.029007255
-0.028343115
-0.027257061
-0.027103321
-0.029058954
-0.028790199
-0.02490217
-0.024931214
-0.02914686
-0.028474007
-0.029666942
-0.034752748
-0.033623322
-0.031477935
-0.030249759
-0.029908589
-0.031267075
-0.030343475
-0.028331884
-0.027128299
-0.025465044
-0.025143236
-0.028229649
-0.030667026
-0.028226164
-0.032051071
-0.034558347
-0.036071541
-0.038000259
-0.034333352
-0.029356558
-0.027434036
-0.023008692
-0.018671467
-0.014520628
-0.010489837
-0.006872479
-0.002806487
0.003144792
0.00521755
0.006745983
0.010428167
0.013625394
0.016221525
0.01973233
0.024098037
0.020903773
0.016480075
0.018364665
0.020760683
0.023405434
0.023614744
0.025729732
0.028217257
0.030582604
0.031565455
0.033231034
0.039050492
0.038593726
0.042479238
0.049084048
0.052752117
0.056240887
0.058051493
0.060501068
0.063931557
0.061548396
0.058925332
0.05280459
0.048009612
0.041852855
0.035658922
0.031747464
0.028596766
0.024685308
0.025099863
0.023002496
0.016948149
0.01430576
0.010821269
0.003889656
-0.002707157
-0.002374932
-0.001734762
-0.00158206
-0.000770604
0.004375253
0.00785411
0.008026302
0.007803902
0.011014024
0.01288965
0.015695653
0.015637875
0.019654492
0.023887177
0.025243147
0.026990243
0.027333931
0.026076711
0.026844248
0.026507918
0.024687438
0.023546975
0.018911042
0.017809769
0.014665693
0.011990137
0.011587838
0.01533998
0.017757974
0.020999038
0.02461444
0.028738501
0.030237755
0.029043463
0.030442418
0.029375534
0.027336255
0.025610845
0.024193883
0.022240187
0.022585036
0.023281125
0.023953785
0.02351948
0.021887785
0.018375063
0.014455686
0.008188891
0.003164407
0.001920719
-0.001884587
-0.003587637
-0.003951287
-0.004685172
-0.006141034
-0.009445936
-0.012280035
-0.014728429
-0.015198148
-0.015137659
-0.015825538
-0.015600002
-0.017434675
-0.019530377
-0.022304083
-0.026258914
-0.026716648
-0.025697977
-0.023774487
-0.018927984
-0.016968305
-0.014711564
-0.012831291
-0.010572594
-0.010537412
-0.008618723
-0.008011819
-0.011278383
-0.013318534
-0.018622596
-0.026772026
-0.031056797
-0.030706525
-0.029694631
-0.027784695
-0.022825908
-0.018202987
-0.014685443
-0.016792957
-0.020813543
-0.022064373
-0.021032729
-0.015412764
-0.0080124
-0.002288264
0.005323793
0.007454619
0.004201724
0.001722242
-0.000532691
-0.001934573
-0.00201525
-0.002798316
-0.001122117
-0.000351249
-0.00098299
-0.00264841
-0.004950248
-0.005423859
-0.007451753
-0.01097495
-0.011970232
-0.014744693
-0.016342271
-0.015936835
-0.017156569
-0.01844382
-0.019958293
-0.022666166
-0.023071621
-0.025510933
-0.026017655
-0.022721737
-0.017894036
-0.016887079
-0.01608434
-0.015007406
-0.013812592
-0.012657162
-0.008754572
-0.006813462
-0.003156023
-0.000822705
0.001200727
0.003882976
0.006752798
0.007462228
0.009824632
0.011673557
0.01386524
0.013630389
0.014213942
0.015924501
0.0172905
0.017713711
0.016052566
0.014796585
0.012799517
0.009181248
0.005792777
0.003129864
0.001615257
-0.000724554
-0.003388143
-0.00562132
-0.006474189
-0.007399667
-0.007861777
-0.007541364
-0.006566607
-0.005359904
-0.004303998
-0.003347907
-0.002081335
-0.000150669
0.000731968
0.000398345
0.000894742
0.001363169
0.000520127
-0.000824338
-0.001766637
-0.003262634
-0.00406514
-0.004686799
-0.005030525
-0.005073665
-0.005746771
-0.005426841
-0.005145966
-0.004822783
-0.004681416
-0.003914518
-0.003005594
-0.00274867
-0.00273076
-0.002411237
-0.002289697
-0.002028126
-0.001938187
-0.001675319
-0.001569594
-0.001429321
-0.001895087
-0.001700529
-0.00146988
-0.00122556
-0.00192661
-0.002145503
-0.002095199
-0.002032018
-0.001948739
-0.001877004
-0.002003323
-0.00182584
-0.002002587
-0.001487963
-0.001409748
-0.001322391
-0.000979971
-0.000475025
0.000103689
0.00079564
0.001485982
0.002117524
0.002812974
0.003203577
0.003633391
0.003819718
0.004124758
0.004369541
0.004599318
0.004756485
0.00490217
0.004893379
0.004969823
0.005016255
0.005034378
0.005021812
0.005056413
0.005019004
0.004840752
0.004673167
0.00444159
0.004281383
0.004199846
0.004112017
0.004012938
0.003892309
0.003736768
0.00365864
0.003536345
0.003361132
0.003224044
0.003081128
0.002912459
0.002785943
0.002598222
0.002422738
0.002278273
0.00212978
0.001951663
0.001831426
0.001709625
0.00159105
0.001502036
0.00140699
0.001297589
0.001192552
0.00110726
0.001023772
0.000937102
0.00085333
0.000769034
0.000684965
0.000600782
0.000522082
0.000442331
0.000369806
0.000299994
0.000232532
0.000167154
0.000105588
4.57E-05
-9.42E-06
-6.31E-05
-0.000114177
-0.000163694
-0.000210573
-0.000255934
-0.000298559
-0.000339219
-0.00037752
-0.000413938
-0.000448001
-0.00048004
-0.000509831
-0.000537518
-0.000562986
-0.000586301
-0.000607425
-0.000626387
